1.13387112360448
0.987069683575035
0.92015448580164
0.945998683203154
0.763807866875358
0.562791364888235
0.808749295405357
0.675215940844337
0.774694031438853
0.873266055911598
0.67322222983038
0.974528920010026
0.838581054890054
0.664409220804697
0.75710809971572
0.902728044148427
0.729859017756814
0.735596758355814
0.449418557574127
0.585575379771003
0.581425344185788
0.910230085539416
0.310797892505194
0.736097462904643
0.752843888752351
0.807953097175475
0.499552407942576
0.426778984041978
0.419883818702117
0.321783770329447
0.71373131297724
0.821929309750075
0.646468592137922
0.678066109091748
0.588511219374786
0.774761831527557
0.782937229482107
1.00808716149814
0.892369093468413
0.924816545071865
0.822802960806078
0.993877584898822
1.11737781962072
0.904499274043684
0.468721483740711
0.658561690308879
0.449235590042442
0.891493387890239
0.974725760558006
1.13292852554137
0.792056259989236
0.706978827054127
0.911193254886731
0.839456236727447
1.10234678621976
0.716903038602452
0.500720005224283
0.518353284103581
0.411297911166676
0.498431270730687
0.800033061303698
0.755457355489792
0.883698946225217
1.00536049477365
0.901919015470519
0.872979428664799
1.01732080343935
0.81663528246594
0.488597446725165
0.74947353784378
0.434732491151722
0.393394671345424
0.335838944312388
0.330869337230965
0.292715594196251
0.354825282269204
0.404575473972387
0.271421344764711
0.29613692272361
0.895620433319285
0.550798033084422
0.329613523392415
0.339158296862328
0.72438864099321
0.303252007639394
0.616677428741129
0.344190388144475
0.472079170629785
0.375027343329171
0.566609836521658
0.306475091659556
0.444431140837795
0.610348575372619
0.449704860678682
0.522643585420202
0.63892700577488
0.313008842010992
0.370710144232209
0.46570850120289
0.422997937370326
0.444719099527733
0.430867774457377
0.400838376555581
0.473025213182499
0.196205286979659
0.636028119412737
0.670292346637177
0.520540488822471
0.431135275773069
0.29857705961592
0.290462272212284
0.522946188092941
0.31210986639748
0.87294316894666
0.869114832186711
0.918359763091869
0.619922441356781
0.794701230605274
0.695316595166557
0.64137068405447
0.972103020047079
1.05857677707373
0.588374640045991
0.429906141356095
0.873198243851726
0.798061001780113
0.976954336414159
0.705875637511198
0.439995392583511
0.98475820840811
0.751694606313501
0.613664797451205
0.739256023327039
0.745953737353552
0.426061653046801
0.630800830690929
0.708163146860549
0.655370555840153
0.495332813782658
1.01161118652317
0.540939554830234
0.700414220971174
0.398373233728991
0.611029034836928
0.473426679957912
0.703529276529006
0.843230527324806
0.309230100149126
0.408366761019788
0.314374028893673
0.326641232724796
0.751796212783279
0.813905518599974
0.831654227098414
0.739890271462356
0.750559916621521
0.80437929875653
0.829380916838296
0.576687040444594
0.972296595397241
0.37497784623585
0.839017306241687
0.76881063181123
0.378949147970413
0.950369429022385
1.74685609915038
0.912645891853918
0.966210465879436
0.788630523344682
1.03887931824469
0.591992022265281
0.993091620795319
