"x"
0
-10
-5
-2
-63
23
-61
-6
26
27
-17
37
80
-68
-50
-14
1
-51
30
16
-24
-34
-64
-25
-81
-2
4
-3
-8
53
-19
-83
-48
-8
-48
-6
-12
50
-14
-24
-43
-4
-8
-3
-3
-6
-33
3
-6
-21
-14
-7
-20
21
30
0
37
25
3
85
4
-18
-10
16
75
79
-42
-46
-5
-34
-7
-47
-38
-62
-7
-37
28
-44
-59
-105
7
-44
-4
-12
-69
15
-6
-37
-28
-18
7
-48
-18
-32
21
17
19
-53
-26
19
8
10
17
-6
-26
-25
5
-12
-2
-69
-46
-45
21
-2
-69
-1
-15
-44
14
-76
-80
24
-16
-6
-69
-15
-90
-23
-20
66
-44
-24
-41
-24
-40
-4
-36
-140
13
-31
49
-61
-5
-50
23
-45
5
19
-67
-87
34
27
-6
-22
-46
14
27
-28
46
15
11
9
-14
44
38
26
19
-28
-65
-2
43
-5
26
-22
22
-42
42
13
-97
-38
-56
3
10
-41
-45
-12
-60
24
-34
19
56
-57
-22
-21
-17
38
-108
-47
-10
63
-22
-38
-19
0
-72
10
18
-27
10
13
-29
-23
-22
155
13
-53
-28
41
-4
-16
1
57
3
-13
-57
-16
-25
6
10
-29
2
-34
-23
19
-26
-7
-61
-31
68
-27
-23
-27
-8
22
-58
-75
7
7
11
-23
-18
2
-5
-22
2
4
-33
-64
-43
4
0
-25
21
-10
19
31
-44
-18
-107
87
-29
-22
-18
18
1
-40
-36
-94
45
26
-17
11
-68
-34
-17
-11
6
1
-12
1
10
41
21
2
-7
-19
-27
-7
26
-30
10
2
14
-16
-2
4
-110
23
-57
14
-74
-6
-8
-35
20
-19
-16
31
-42
-8
74
77
18
16
23
-20
28
0
-21
-22
-24
-1
13
-8
34
16
79
0
-59
-51
-37
19
-5
-33
12
8
-25
-38
63
12
-20
61
16
-26
-14
-56
-65
22
2
49
-13
-34
-27
-37
54
-55
-10
45
3
-17
-45
-86
-17
-9
7
-26
-36
21
1
-7
-6
-46
-35
16
-19
2
-27
20
-30
-33
-83
57
-22
-38
-33
15
-3
-45
6
58
25
-45
-36
-53
-54
-27
-36
9
18
10
-19
-8
-30
-32
-8
-50
-22
-9
-35
-44
-4
13
-60
4
-36
-1
-41
-37
-8
17
-6
25
19
10
-13
-9
3
-14
0
-26
-5
-41
-47
-5
-43
-15
4
21
-51
-1
-11
-14
-72
-17
-17
-42
25
-50
-16
23
5
16
-5
58
-29
-56
-38
-47
30
-18
86
-11
39
-44
7
56
-67
-13
-56
15
8
-56
-20
12
-18
-25
-15
0
-30
-4
-48
13
12
-16
-4
1
-8
-33
-28
-25
0
-135
-28
-8
-19
-21
-49
-10
-65
39
-76
15
-62
-14
53
-55
-48
-31
-14
-48
-57
-9
-18
32
-50
-33
-14
-15
-20
-58
-35
-127
14
17
58
-11
47
-36
23
0
-41
-23
52
45
26
-11
-15
-11
-27
-36
-14
-83
-34
-3
-5
-44
-1
-44
-23
9
-47
-5
-5
63
-75
-32
-35
-14
29
-8
-44
-49
-92
8
-61
-19
-38
-6
8
12
54
-43
8
25
-16
-5
-21
-29
-22
-70
13
4
7
10
29
-7
-33
-17
5
-23
-80
-31
7
-37
61
-5
-14
-10
-46
-7
-43
-37
-79
12
-21
-2
-11
-30
11
-8
-11
-55
-3
-38
1
-2
-63
-38
-24
-25
39
-17
36
-35
-10
-7
-6
32
3
-4
77
7
-40
16
22
-74
-39
-33
-6
-25
28
42
-19
-52
-18
17
-21
-15
0
-37
-12
35
-4
-23
-7
-17
-24
-40
-56
-25
-5
-29
-52
21
-46
-3
-49
-18
-37
-79
-26
15
-26
7
-24
-30
1
-9
-9
11
-20
-43
-75
-3
-40
27
-14
-56
-11
-40
19
-1
21
18
35
0
-59
-15
-60
21
-71
-4
-16
-45
-1
-22
-75
-31
-27
-71
-1
27
-3
18
-7
0
-90
3
-56
-8
-46
39
-15
2
19
27
-34
-106
-49
-77
62
37
20
42
136
15
44
46
-19
-2
-28
-14
-28
-21
-34
36
-11
55
-29
-13
-28
-80
-19
29
-43
-63
-1
-43
-17
1
-31
-37
18
-7
-35
-4
-17
-38
-89
30
15
-2
25
12
-45
-31
163
29
32
40
-35
-93
47
-46
33
-16
-24
29
19
11
-24
0
-1
44
-9
-2
-28
6
1
23
-21
11
4
-1
-7
-41
39
-85
-2
-12
1
-13
-24
-28
10
22
-165
-32
54
12
-49
-2
-12
4
-69
7
-26
-37
-21
-9
12
-73
-7
-38
-16
-28
7
-17
8
37
73
-22
7
-38
33
-79
3
-10
-10
3
7
-11
-31
-26
32
50
-119
-31
-61
-24
1
-24
-42
-14
-80
-69
-12
-40
6
33
15
-11
-22
-16
1
-48
-25
-53
-43
-15
-38
-45
17
12
-64
-4
10
25
-22
18
-38
-33
0
-76
-40
24
-60
24
63
-24
-36
27
24
-1
18
-23
78
-12
35
2
0
-11
-42
-28
14
28
26
-46
-78
-23
10
22
-6
-26
3
25
-15
-13
-12
50
-39
-27
-48
-32
-60
6
-55
-26
13
-15
-6
-91
17
-6
-6
-3
-22
-109
-24
-44
5
-105
-7
-15
-16
-32
-58
18
-39
22
-11
12
31
-10
-1
24
-30
-29
-47
-4
19
-34
11
-74
14
-24
-27
97
-36
-23
-20
-34
-22
-21
30
-74
-40
1
-119
-21
5
-36
-11
3
86
-27
24
8
17
-72
-40
5
-26
2
-35
-16
73
-24
13
-32
11
-44
-12
6
-26
-93
6
47
-20
0
-47
-4
31
-68
22
-2
24
-14
-32
-56
-17
-19
-12
-33
5
-15
-3
34
23
35
-17
-46
-46
-13
-28
-3
-8
-2
-24
6
-7
-20
11
-26
-2
-76
-49
16
-63
-9
-24
-66
25
8
-2
-45
-19
-11
-63
-35
40
8
36
21
-11
32
-23
-40
17
-35
-14
-13
27
-27
-24
-34
-16
-19
-4
33
-109
1
-60
-85
-58
25
-16
3
25
-80
-65
-51
-77
-15
-30
-33
2
-30
-36
-7
-27
-70
-36
-12
-72
-37
29
-40
10
-15
-54
-41
-15
-67
27
5
-25
-4
-79
-55
10
-6
-22
-26
125
43
9
-32
13
-85
-40
54
-44
81
23
-5
-29
-11
-33
-60
-19
8
-58
-5
-17
4
25
-13
-44
-19
9
-12
-15
-19
39
-16
-28
-14
-11
10
-25
-41
-33
-49
-20
-22
10
11
3
-9
-113
-69
-6
-24
-70
-15
-62
-9
-20
24
8
48
41
5
17
21
-25
6
-24
2
-41
-16
-38
-33
12
15
13
13
10
-51
-44
-19
-17
2
46
14
30
19
-55
29
-25
-26
17
0
-20
1
-50
-35
58
-49
-15
29
-11
-14
-90
-36
-27
-46
-10
-25
-67
12
0
7
1
-34
57
-21
-236
-41
34
1
-36
-2
19
-4
37
-2
-39
-37
25
24
-2
-18
28
5
-18
-13
-17
-56
-45
-35
11
-13
-23
-28
-48
19
41
-13
-76
