"x"
22.3233724367952
24.8344736978302
26.3838486087215
25.1338813095275
26.047433896932
26.8752779593803
27.868285302101
27.1653108012618
31.5769994555495
26.373674244409
25.7563057878257
26.2255558172037
26.9079948911153
27.2262166570264
26.0363486426882
28.3508266949306
29.9871372732449
27.487451343488
28.7104793092208
28.0951485561436
26.1883882989412
25.9501414803494
26.2655578689423
28.0653318380794
27.0587331769091
27.4934589511189
27.4773570977281
29.0349396217626
26.7240151515993
28.1942850246315
25.9822070691806
27.5572703032982
28.1079547141709
27.8653035970986
28.9835916912852
30.4256084720191
26.0527188443653
26.9722454289861
27.1732716067465
24.6276891280683
26.8896813634606
26.3976947697353
27.8605157386484
27.5903422306001
25.679001366576
28.2473054751745
29.822223455206
26.8147107351096
26.6662057567725
26.4818902621624
28.5668717769741
27.4173778352381
32.5800634175723
25.2826893384997
26.7760114687121
26.2426499800179
27.947313152548
25.647930575788
28.0394275468348
27.8662406914698
26.7738064101702
28.6283110503465
28.7352645261209
25.4617713925046
27.3100127088659
25.2209267455811
26.5885410790483
22.3621293035189
27.0417711283386
27.8688872848113
27.5245675263097
28.0294954412449
27.4341225620061
28.028960882225
26.5768556641666
26.9794309035962
27.0264311936544
25.573304630883
28.9531808179209
26.258693445858
26.2817847663281
26.735644014543
27.7040377536598
27.8788554655632
28.4780844481914
29.187795359698
28.2207486104259
26.1756905860434
27.3364869842229
29.7697418881604
26.5828805589407
27.7220330089229
26.1804987115518
25.3848710648636
24.7082097039696
29.6707289024937
25.9485538199183
30.0830407378035
26.800008910524
26.7052353945823
